第1幅图像的平均误差：0.0246707像素
第2幅图像的平均误差：0.0235883像素
第3幅图像的平均误差：0.027119像素
第4幅图像的平均误差：0.0350985像素
第5幅图像的平均误差：0.0336058像素
第6幅图像的平均误差：0.0398824像素
第7幅图像的平均误差：0.0377142像素
第8幅图像的平均误差：0.049654像素
第9幅图像的平均误差：0.0285235像素
第10幅图像的平均误差：0.0484229像素
第11幅图像的平均误差：0.0447897像素
第12幅图像的平均误差：0.049826像素
第13幅图像的平均误差：0.033507像素
第14幅图像的平均误差：0.0437105像素
总体平均误差：0.0371509像素

Image_size:[1280 x 960]
相机内参数矩阵：
[323.6090573384942, 0, 625.6473251915914;
 0, 323.9349417173508, 500.8334881110535;
 0, 0, 1]
畸变系数：
[-0.035431738382779;
 0.01118549115625825;
 -0.00958049410209146;
 0.002256834690937816]
第1幅图像的旋转向量：
[-3.0422, 0.388723, -0.0118888]
第1幅图像的旋转矩阵：
[0.9678857246860176, -0.2508062099320657, 0.01713093717622906;
 -0.2513843362098928, -0.9651315408454109, 0.07298646705845303;
 -0.001771851386242283, -0.07494900883184265, -0.9971857934295842]
第1幅图像的平移向量：
[-54.3486, 126.052, 254.424]
第2幅图像的旋转向量：
[2.44381, -1.67056, 0.729454]
第2幅图像的旋转矩阵：
[0.2865638061142298, -0.8987125733421518, 0.3319591775234623;
 -0.8543629976739707, -0.3965049085028737, -0.3359281556206246;
 0.433526300506524, -0.1873487871587516, -0.881450723931447]
第2幅图像的平移向量：
[14.5608, 262.059, 246.389]
第3幅图像的旋转向量：
[-2.93198, 0.181528, -0.803738]
第3幅图像的旋转矩阵：
[0.8539403199186625, -0.08919338215994477, 0.5126699431369875;
 -0.1398025665637244, -0.988303466792307, 0.06092208063176211;
 0.5012396357027319, -0.123696394875427, -0.8564216423558054]
第3幅图像的平移向量：
[-171.372, 45.7795, 223.868]
第4幅图像的旋转向量：
[-2.75998, -1.00262, -0.609823]
第4幅图像的旋转矩阵：
[0.695340044841632, 0.6410599777198314, 0.3248758639934434;
 0.5833111435379568, -0.7674771122153186, 0.2659454681886427;
 0.419821785837846, 0.004581177958177501, -0.9075949983028979]
第4幅图像的平移向量：
[-233.521, -80.5485, 230.933]
第5幅图像的旋转向量：
[-2.83918, -0.887175, -0.735482]
第5幅图像的旋转矩阵：
[0.7175354872761892, 0.5543245257340893, 0.4217429841372577;
 0.5171788095880497, -0.8295923541802699, 0.2104818395936467;
 0.4665500009778267, 0.06708834515260263, -0.8819468524419571]
第5幅图像的平移向量：
[-184.244, -90.0709, 140.24]
第6幅图像的旋转向量：
[-2.94968, 0.176345, -0.583641]
第6幅图像的旋转矩阵：
[0.9183946444275857, -0.08915495371249267, 0.3854901701927705;
 -0.1392225114600473, -0.9847927141513376, 0.1039249847591949;
 0.370362483777022, -0.1491130590624616, -0.9168407311128526]
第6幅图像的平移向量：
[-97.7165, 99.0094, 140.688]
第7幅图像的旋转向量：
[-2.86431, 0.432925, -0.547304]
第7幅图像的旋转矩阵：
[0.8889863387415389, -0.2469897342982082, 0.3856155607366158;
 -0.3183895143974528, -0.9386091925078833, 0.1328190530814513;
 0.3291373674511424, -0.2408502748410301, -0.9130496911210977]
第7幅图像的平移向量：
[-101.991, 184.455, 170.23]
第8幅图像的旋转向量：
[-2.91225, -0.525068, -0.662216]
第8幅图像的旋转矩阵：
[0.845119180905836, 0.3553917405664521, 0.3993373020420168;
 0.3077957578449926, -0.9342594784671993, 0.1800583192935656;
 0.4370758990354833, -0.02925641179886239, -0.8989486753152148]
第8幅图像的平移向量：
[-141.53, 14.7551, 99.4921]
第9幅图像的旋转向量：
[-2.1801, -1.94162, -0.405013]
第9幅图像的旋转矩阵：
[0.1027882250096628, 0.99193106267762, 0.0742115064839004;
 0.9388782301620718, -0.1213913476671964, 0.3221363215150957;
 0.328545658512022, 0.03656374716558677, -0.9437800817277895]
第9幅图像的平移向量：
[-82.1764, -124.431, 323.234]
第10幅图像的旋转向量：
[-2.98158, 0.0860871, -0.701206]
第10幅图像的旋转矩阵：
[0.8938425060835534, -0.03688626115782996, 0.4468612514596338;
 -0.07230228365917074, -0.9954253264045464, 0.0624563794185274;
 0.4425132247695458, -0.08813525565968823, -0.8924204292898381]
第10幅图像的平移向量：
[-128.729, 92.1878, 104.434]
第11幅图像的旋转向量：
[-3.00413, 0.239691, 0.15876]
第11幅图像的旋转矩阵：
[0.9819180202155645, -0.1640144921084438, -0.09453172988132469;
 -0.151028523736891, -0.9797857355558562, 0.1311880231542698;
 -0.1141375774834995, -0.1145388963613632, -0.986840136307051]
第11幅图像的平移向量：
[-23.1741, 49.8159, 191.264]
第12幅图像的旋转向量：
[-2.7975, 0.883153, 0.166018]
第12幅图像的旋转矩阵：
[0.8148600596512928, -0.5778460187772027, -0.04579368699317347;
 -0.5550298582461261, -0.8005837004357731, 0.2258486109141465;
 -0.1671674000526934, -0.1586181489612745, -0.9730854757829456]
第12幅图像的平移向量：
[-46.7366, 6.55186, 202.517]
第13幅图像的旋转向量：
[2.83554, -1.05406, -0.35309]
第13幅图像的旋转矩阵：
[0.7341782291841993, -0.6318365653824617, -0.2485254160798229;
 -0.654047728628358, -0.7563982566834877, -0.009123922526339312;
 -0.1822193635924586, 0.1692460691770273, -0.9685824031026397]
第13幅图像的平移向量：
[149.662, 279.945, 208.869]
第14幅图像的旋转向量：
[2.69168, -1.26084, -0.376215]
第14幅图像的旋转矩阵：
[0.6163025821122461, -0.7339508312794223, -0.2854598124885933;
 -0.7703699882370352, -0.6371007533954147, -0.025153752138899;
 -0.1634050443084551, 0.2354119947819987, -0.9580605326425424]
第14幅图像的平移向量：
[183.903, 276.169, 184.724]

